0.0,1.61448e-07
0.0,0.00821886
0.0,0.00258673
0.0,0.00852887
0.0,0.140566
0.0,0.0762532
0.0,0.0346319
0.0,1.84734e-10
0.0,0.0019373
0.0,0.182292
0.0,0.00279665
0.0,0.000589325
0.0,0.00141172
0.0,0.187087
0.0,0.162455
0.0,0.14197
0.0,0.0161981
0.0,0.013586
0.0,0.00652322
0.0,3.78924e-08
0.0,0.0476095
0.0,0.282004
0.0,0.175328
0.0,0.332434
0.0,0.0157457
0.0,2.14895e-06
0.0,0.0217947
0.0,2.66659e-08
0.0,1.00355e-10
0.0,1.14705e-05
0.0,2.36692e-08
0.0,0.0839649
0.0,1.61523e-05
0.0,0.0172136
0.0,0.000309039
0.0,0.0767005
0.0,0.202417
0.0,0.0979116
0.0,0.106454
1.0,0.0406811
1.0,0.0355085
1.0,0.129998
1.0,0.281022
1.0,0.0069751
