0.0,0.00625001
0.0,0.0080989
0.0,0.0140482
0.0,0.00164473
0.0,0.0298092
0.0,0.000250324
0.0,1.6144e-30
0.0,8.62956e-06
0.0,0.0529548
0.0,5.48865e-13
0.0,1.36304e-06
0.0,2.44457e-05
0.0,0.0107075
0.0,0.225475
0.0,0.863523
0.0,0.000208124
0.0,0.125573
0.0,0.031338
0.0,2.94565e-07
0.0,0.0502662
0.0,0.000290072
0.0,0.668057
0.0,0.744753
0.0,4.25023e-09
0.0,9.54304e-07
0.0,0.311674
0.0,0.59124
0.0,0.040763
0.0,9.26699e-09
0.0,0.0716572
0.0,0.0596666
0.0,0.0397642
0.0,0.175636
0.0,6.37578e-11
0.0,0.682924
0.0,0.170696
0.0,0.233534
0.0,0.999956
0.0,0.985522
1.0,6.93052e-06
1.0,0.99607
1.0,0.078986
1.0,0.940515
1.0,0.999986
