0.0,0.135652
0.0,0.371022
0.0,0.00260553
0.0,0.0473087
0.0,0.502747
0.0,0.481427
0.0,1.26752e-10
0.0,0.141316
0.0,0.174697
0.0,0.187623
0.0,0.292619
0.0,0.0194422
0.0,0.233543
0.0,0.257166
0.0,0.337016
0.0,0.185131
0.0,0.692518
0.0,0.714318
0.0,0.649304
0.0,0.252014
0.0,0.513074
0.0,0.652393
0.0,0.515337
0.0,0.0430547
0.0,0.321483
0.0,0.216218
0.0,0.0768212
0.0,0.0073476
0.0,0.0448942
0.0,0.0753133
0.0,0.255045
0.0,0.175819
0.0,0.0596693
0.0,0.499669
0.0,0.0337147
0.0,0.547598
0.0,0.222384
0.0,0.000987139
0.0,0.437342
0.0,0.136517
0.0,0.114783
0.0,0.364275
0.0,0.0183046
0.0,0.360107
0.0,0.0450354
0.0,0.207412
0.0,0.706829
0.0,0.746517
0.0,0.358451
0.0,0.839265
0.0,0.339573
0.0,0.497416
0.0,0.0706715
0.0,0.652435
0.0,0.16098
0.0,0.00182871
0.0,0.155585
0.0,0.520302
0.0,0.299596
0.0,0.399542
0.0,0.834642
0.0,0.859265
0.0,0.154572
0.0,0.382918
0.0,0.63713
0.0,0.515974
0.0,0.573404
0.0,0.272357
0.0,0.354238
0.0,0.72334
0.0,0.352509
0.0,0.244476
0.0,0.000820887
0.0,0.00879739
1.0,0.254188
1.0,0.960713
1.0,0.564452
1.0,0.355204
1.0,0.481987
